email	password
sushma@example.com	Y!kjqKHX
